{
	"class_name" : "PinholeCameraTrajectory",
	"parameters" : 
	[
		{
			"class_name" : "PinholeCameraParameters",
			"extrinsic" : 
			[
				0.99992596133380784,
				0.012077430942232162,
				0.0010813406586356899,
				-0.0,
				-0.012080149186441043,
				0.99992339437250399,
				0.0025824739267502521,
				0.0,
				-0.0010500663455567363,
				-0.0025953497627234649,
				0.99999516150131029,
				0.0,
				-0.72907553520791535,
				-0.75162931198313798,
				0.32093564132481273,
				1.0
			],
			"intrinsic" : 
			{
				"height" : 480,
				"intrinsic_matrix" : [ 525.0, 0.0, 0.0, 0.0, 525.0, 0.0, 319.5, 239.5, 1.0 ],
				"width" : 640
			},
			"version_major" : 1,
			"version_minor" : 0
		},
		{
			"class_name" : "PinholeCameraParameters",
			"extrinsic" : 
			[
				0.98492200795072804,
				0.027568013626090911,
				0.17077932757163489,
				-0.0,
				-0.029508979037383691,
				0.99952490767684066,
				0.0088366821118937809,
				0.0,
				-0.17045502247933522,
				-0.013742950807886527,
				0.98526923561088053,
				0.0,
				-0.53339176238018482,
				-0.70553349742799265,
				0.28157922223180731,
				1.0
			],
			"intrinsic" : 
			{
				"height" : 480,
				"intrinsic_matrix" : [ 525.0, 0.0, 0.0, 0.0, 525.0, 0.0, 319.5, 239.5, 1.0 ],
				"width" : 640
			},
			"version_major" : 1,
			"version_minor" : 0
		},
		{
			"class_name" : "PinholeCameraParameters",
			"extrinsic" : 
			[
				0.98268073647373189,
				-0.015323865817886567,
				0.18466828289054099,
				0.0,
				0.021763077717787752,
				0.99922084282276225,
				-0.03289249665368512,
				0.0,
				-0.18402082633960279,
				0.036341808895635014,
				0.98224851986196582,
				0.0,
				-0.51712625967574755,
				-0.60485071746833097,
				0.29100712735364404,
				1.0
			],
			"intrinsic" : 
			{
				"height" : 480,
				"intrinsic_matrix" : [ 525.0, 0.0, 0.0, 0.0, 525.0, 0.0, 319.5, 239.5, 1.0 ],
				"width" : 640
			},
			"version_major" : 1,
			"version_minor" : 0
		},
		{
			"class_name" : "PinholeCameraParameters",
			"extrinsic" : 
			[
				0.91153301023004973,
				-0.13527871552274376,
				0.38833469302620549,
				-0.0,
				0.14238328589318625,
				0.98975327207310981,
				0.010574172253200616,
				0.0,
				-0.38578671859055169,
				0.045653625578934223,
				0.92145591648849279,
				0.0,
				-0.38400873486538556,
				-0.50838808906048816,
				0.12833228301303828,
				1.0
			],
			"intrinsic" : 
			{
				"height" : 480,
				"intrinsic_matrix" : [ 525.0, 0.0, 0.0, 0.0, 525.0, 0.0, 319.5, 239.5, 1.0 ],
				"width" : 640
			},
			"version_major" : 1,
			"version_minor" : 0
		},
		{
			"class_name" : "PinholeCameraParameters",
			"extrinsic" : 
			[
				0.76547751935865826,
				-0.20853687322293521,
				0.6087265727825909,
				-0.0,
				0.2485591387269725,
				0.96842350329711246,
				0.019195732738373199,
				0.0,
				-0.59351101825760066,
				0.1366112249093504,
				0.79314348501482979,
				0.0,
				-0.16556780561094231,
				-0.46299700693526752,
				0.082069344601597635,
				1.0
			],
			"intrinsic" : 
			{
				"height" : 480,
				"intrinsic_matrix" : [ 525.0, 0.0, 0.0, 0.0, 525.0, 0.0, 319.5, 239.5, 1.0 ],
				"width" : 640
			},
			"version_major" : 1,
			"version_minor" : 0
		},
		{
			"class_name" : "PinholeCameraParameters",
			"extrinsic" : 
			[
				0.77000251097651118,
				-0.079271354444809095,
				0.63309051415292628,
				0.0,
				0.15796112689948094,
				0.98504430435432477,
				-0.068782886879484445,
				0.0,
				-0.61817180092134749,
				0.15296771595854691,
				0.7710128614757159,
				0.0,
				-0.048101746512814667,
				-0.40348668687113509,
				0.099800333802513047,
				1.0
			],
			"intrinsic" : 
			{
				"height" : 480,
				"intrinsic_matrix" : [ 525.0, 0.0, 0.0, 0.0, 525.0, 0.0, 319.5, 239.5, 1.0 ],
				"width" : 640
			},
			"version_major" : 1,
			"version_minor" : 0
		},
		{
			"class_name" : "PinholeCameraParameters",
			"extrinsic" : 
			[
				0.83470135952064606,
				-0.20631009777693526,
				0.51058579156163653,
				-0.0,
				0.16668829559987661,
				0.97832852265867265,
				0.12280708741437246,
				0.0,
				-0.52485879541797342,
				-0.017398664975321314,
				0.85100673821618267,
				0.0,
				-0.15320769628897124,
				-0.41839828921447941,
				-0.091322379868932074,
				1.0
			],
			"intrinsic" : 
			{
				"height" : 480,
				"intrinsic_matrix" : [ 525.0, 0.0, 0.0, 0.0, 525.0, 0.0, 319.5, 239.5, 1.0 ],
				"width" : 640
			},
			"version_major" : 1,
			"version_minor" : 0
		},
		{
			"class_name" : "PinholeCameraParameters",
			"extrinsic" : 
			[
				0.79703730789003691,
				-0.23305802487099711,
				0.55713916768836713,
				-0.0,
				0.16060279902002697,
				0.97111218115291298,
				0.17647008550553703,
				0.0,
				-0.58217450431886608,
				-0.051176094691454899,
				0.81144646638675522,
				0.0,
				-0.19333002374054176,
				-0.35884542429628297,
				-0.25023898474214812,
				1.0
			],
			"intrinsic" : 
			{
				"height" : 480,
				"intrinsic_matrix" : [ 525.0, 0.0, 0.0, 0.0, 525.0, 0.0, 319.5, 239.5, 1.0 ],
				"width" : 640
			},
			"version_major" : 1,
			"version_minor" : 0
		},
		{
			"class_name" : "PinholeCameraParameters",
			"extrinsic" : 
			[
				0.77517904263201354,
				-0.43864157689276162,
				0.45462039840529384,
				-0.0,
				0.25719562146445935,
				0.87643074203678339,
				0.40707560348267707,
				0.0,
				-0.57700581006303975,
				-0.19863194340638385,
				0.7922125885762209,
				0.0,
				-0.27593925088742,
				-0.51967074787041123,
				-0.28249854988935558,
				1.0
			],
			"intrinsic" : 
			{
				"height" : 480,
				"intrinsic_matrix" : [ 525.0, 0.0, 0.0, 0.0, 525.0, 0.0, 319.5, 239.5, 1.0 ],
				"width" : 640
			},
			"version_major" : 1,
			"version_minor" : 0
		},
		{
			"class_name" : "PinholeCameraParameters",
			"extrinsic" : 
			[
				0.90239956173487867,
				-0.34445176345981465,
				0.25887023074388549,
				-0.0,
				0.20653444910110294,
				0.87305418123526879,
				0.44171491219945186,
				0.0,
				-0.37815941480829307,
				-0.34514153364891054,
				0.85899026175807813,
				0.0,
				-0.44489721645244856,
				-0.7118427326897917,
				-0.28060275152452052,
				1.0
			],
			"intrinsic" : 
			{
				"height" : 480,
				"intrinsic_matrix" : [ 525.0, 0.0, 0.0, 0.0, 525.0, 0.0, 319.5, 239.5, 1.0 ],
				"width" : 640
			},
			"version_major" : 1,
			"version_minor" : 0
		},
		{
			"class_name" : "PinholeCameraParameters",
			"extrinsic" : 
			[
				0.94221637818217951,
				-0.24070225345913673,
				0.23297042107584556,
				-0.0,
				0.14565878260599024,
				0.92067292250063959,
				0.36212621704857467,
				0.0,
				-0.30165755318374549,
				-0.30727074748205829,
				0.90254101393370478,
				0.0,
				-0.54085582131359744,
				-0.66724301848428691,
				-0.088488504741401394,
				1.0
			],
			"intrinsic" : 
			{
				"height" : 480,
				"intrinsic_matrix" : [ 525.0, 0.0, 0.0, 0.0, 525.0, 0.0, 319.5, 239.5, 1.0 ],
				"width" : 640
			},
			"version_major" : 1,
			"version_minor" : 0
		},
		{
			"class_name" : "PinholeCameraParameters",
			"extrinsic" : 
			[
				0.99649840976910076,
				-0.073151495423115234,
				-0.040300817058690264,
				-0.0,
				0.082400623980470517,
				0.93981483098865926,
				0.33158112789559224,
				0.0,
				0.01361661322697095,
				-0.33374463132318544,
				0.94256046360456447,
				-0.0,
				-0.84827115816488874,
				-0.6964263306304137,
				0.082042980172466168,
				1.0
			],
			"intrinsic" : 
			{
				"height" : 480,
				"intrinsic_matrix" : [ 525.0, 0.0, 0.0, 0.0, 525.0, 0.0, 319.5, 239.5, 1.0 ],
				"width" : 640
			},
			"version_major" : 1,
			"version_minor" : 0
		},
		{
			"class_name" : "PinholeCameraParameters",
			"extrinsic" : 
			[
				0.98751841129301388,
				0.028636033024306149,
				-0.15482319589014878,
				0.0,
				-0.027398806821950169,
				0.99956888362811003,
				0.010108040597693459,
				0.0,
				0.15504304419490303,
				-0.005740936363176046,
				0.98788413969379518,
				0.0,
				-0.91117217770671566,
				-0.56408773772553034,
				0.47024483330240835,
				1.0
			],
			"intrinsic" : 
			{
				"height" : 480,
				"intrinsic_matrix" : [ 525.0, 0.0, 0.0, 0.0, 525.0, 0.0, 319.5, 239.5, 1.0 ],
				"width" : 640
			},
			"version_major" : 1,
			"version_minor" : 0
		},
		{
			"class_name" : "PinholeCameraParameters",
			"extrinsic" : 
			[
				0.99270019800920495,
				-0.015800513777941418,
				-0.11948659234913533,
				-0.0,
				0.016098245899587225,
				0.99986355367241431,
				0.0015140421073651918,
				0.0,
				0.11944448558155953,
				-0.0034275512744536578,
				0.99282838926761363,
				-0.0,
				-1.0042393720822766,
				-0.5132658581615902,
				0.46132828630056372,
				1.0
			],
			"intrinsic" : 
			{
				"height" : 480,
				"intrinsic_matrix" : [ 525.0, 0.0, 0.0, 0.0, 525.0, 0.0, 319.5, 239.5, 1.0 ],
				"width" : 640
			},
			"version_major" : 1,
			"version_minor" : 0
		},
		{
			"class_name" : "PinholeCameraParameters",
			"extrinsic" : 
			[
				0.91811792160990235,
				0.046742517929022925,
				-0.39352087657445611,
				-0.0,
				-0.065552781865589826,
				0.99724640230017114,
				-0.03449229230468339,
				-0.0,
				0.39082417284326393,
				0.057464528597162313,
				0.91866044669765679,
				-0.0,
				-1.1038346787538269,
				-0.50551613084771241,
				0.75803081737995315,
				1.0
			],
			"intrinsic" : 
			{
				"height" : 480,
				"intrinsic_matrix" : [ 525.0, 0.0, 0.0, 0.0, 525.0, 0.0, 319.5, 239.5, 1.0 ],
				"width" : 640
			},
			"version_major" : 1,
			"version_minor" : 0
		},
		{
			"class_name" : "PinholeCameraParameters",
			"extrinsic" : 
			[
				0.94465610645531206,
				0.0060896173980032426,
				-0.32797618953705282,
				0.0,
				-0.0047249679894396527,
				0.99997113682449723,
				0.0049521932021013753,
				0.0,
				0.32799413245840647,
				-0.0031290737241051973,
				0.9446643842876622,
				0.0,
				-1.1537303129459584,
				-0.52333297719634331,
				0.73453901752233886,
				1.0
			],
			"intrinsic" : 
			{
				"height" : 480,
				"intrinsic_matrix" : [ 525.0, 0.0, 0.0, 0.0, 525.0, 0.0, 319.5, 239.5, 1.0 ],
				"width" : 640
			},
			"version_major" : 1,
			"version_minor" : 0
		},
		{
			"class_name" : "PinholeCameraParameters",
			"extrinsic" : 
			[
				0.86670954023945812,
				0.09912157767757053,
				-0.48884701764872968,
				-0.0,
				0.10379709520576751,
				0.92275199164705013,
				0.37113116479197189,
				0.0,
				0.48787194857724997,
				-0.37240759940707308,
				0.78947675229078296,
				0.0,
				-1.2798573356361584,
				-0.83281358886985957,
				0.57844200416656699,
				1.0
			],
			"intrinsic" : 
			{
				"height" : 480,
				"intrinsic_matrix" : [ 525.0, 0.0, 0.0, 0.0, 525.0, 0.0, 319.5, 239.5, 1.0 ],
				"width" : 640
			},
			"version_major" : 1,
			"version_minor" : 0
		},
		{
			"class_name" : "PinholeCameraParameters",
			"extrinsic" : 
			[
				0.85290719791807257,
				0.14677275233346243,
				-0.50098985035605592,
				-0.0,
				0.022784013463640215,
				0.94827546341536595,
				0.3166003492705024,
				0.0,
				0.52154541449799063,
				-0.28144873929380998,
				0.80545458998345298,
				0.0,
				-1.0848448127206822,
				-0.78767961456514979,
				0.59962678280552206,
				1.0
			],
			"intrinsic" : 
			{
				"height" : 480,
				"intrinsic_matrix" : [ 525.0, 0.0, 0.0, 0.0, 525.0, 0.0, 319.5, 239.5, 1.0 ],
				"width" : 640
			},
			"version_major" : 1,
			"version_minor" : 0
		},
		{
			"class_name" : "PinholeCameraParameters",
			"extrinsic" : 
			[
				0.73733408627806163,
				0.39158095255133996,
				-0.55044491868325629,
				0.0,
				-0.12704757594627139,
				0.88068325554492299,
				0.45632845305016795,
				0.0,
				0.66345759668586812,
				-0.26653639248485689,
				0.6991151730153613,
				0.0,
				-0.88991212945451736,
				-0.87228117379378345,
				0.47185722422806042,
				1.0
			],
			"intrinsic" : 
			{
				"height" : 480,
				"intrinsic_matrix" : [ 525.0, 0.0, 0.0, 0.0, 525.0, 0.0, 319.5, 239.5, 1.0 ],
				"width" : 640
			},
			"version_major" : 1,
			"version_minor" : 0
		},
		{
			"class_name" : "PinholeCameraParameters",
			"extrinsic" : 
			[
				0.75868486965838811,
				0.40640702086168196,
				-0.50913075395268703,
				0.0,
				-0.089815102392291443,
				0.8393222333004009,
				0.53614382813893691,
				0.0,
				0.6452197491193552,
				-0.36104145555268036,
				0.67329081980195393,
				0.0,
				-1.0887984330755192,
				-0.76194153635941009,
				0.37429153616944505,
				1.0
			],
			"intrinsic" : 
			{
				"height" : 480,
				"intrinsic_matrix" : [ 525.0, 0.0, 0.0, 0.0, 525.0, 0.0, 319.5, 239.5, 1.0 ],
				"width" : 640
			},
			"version_major" : 1,
			"version_minor" : 0
		},
		{
			"class_name" : "PinholeCameraParameters",
			"extrinsic" : 
			[
				0.67347821989784573,
				0.46336328771066598,
				-0.57593951295562273,
				0.0,
				-0.096267421160457362,
				0.82747516626632722,
				0.5531676360868123,
				0.0,
				0.73289577111528648,
				-0.31710574327749319,
				0.60190015576206501,
				0.0,
				-1.1203530009335603,
				-0.837670171433466,
				0.47046142397661461,
				1.0
			],
			"intrinsic" : 
			{
				"height" : 480,
				"intrinsic_matrix" : [ 525.0, 0.0, 0.0, 0.0, 525.0, 0.0, 319.5, 239.5, 1.0 ],
				"width" : 640
			},
			"version_major" : 1,
			"version_minor" : 0
		},
		{
			"class_name" : "PinholeCameraParameters",
			"extrinsic" : 
			[
				0.57067393958315238,
				0.51552431993143866,
				-0.63918243471757497,
				0.0,
				-0.11199317653125862,
				0.81995432893575293,
				0.56134400056115463,
				0.0,
				0.81349067620132853,
				-0.24876454765912406,
				0.52566573839886732,
				0.0,
				-1.1539331250958029,
				-0.90943256070815215,
				0.57992102618083929,
				1.0
			],
			"intrinsic" : 
			{
				"height" : 480,
				"intrinsic_matrix" : [ 525.0, 0.0, 0.0, 0.0, 525.0, 0.0, 319.5, 239.5, 1.0 ],
				"width" : 640
			},
			"version_major" : 1,
			"version_minor" : 0
		},
		{
			"class_name" : "PinholeCameraParameters",
			"extrinsic" : 
			[
				0.48787595265613354,
				0.57932710054040726,
				-0.65295142956764529,
				0.0,
				-0.12308552190983225,
				0.78618895953410806,
				0.60558220526400508,
				0.0,
				0.86417887284031192,
				-0.21508420213649229,
				0.45487187530798578,
				0.0,
				-1.0724044215053217,
				-0.9822697510027546,
				0.59527378306423395,
				1.0
			],
			"intrinsic" : 
			{
				"height" : 480,
				"intrinsic_matrix" : [ 525.0, 0.0, 0.0, 0.0, 525.0, 0.0, 319.5, 239.5, 1.0 ],
				"width" : 640
			},
			"version_major" : 1,
			"version_minor" : 0
		},
		{
			"class_name" : "PinholeCameraParameters",
			"extrinsic" : 
			[
				0.74225435654688598,
				0.22645728791441191,
				-0.63068435155076052,
				-0.0,
				0.12459600560054608,
				0.87810056796498326,
				0.46193586116413865,
				0.0,
				0.65841292604275981,
				-0.42146034496121504,
				0.62356562599626986,
				0.0,
				-1.3726295099416039,
				-0.85953376884417132,
				0.54854679517603477,
				1.0
			],
			"intrinsic" : 
			{
				"height" : 480,
				"intrinsic_matrix" : [ 525.0, 0.0, 0.0, 0.0, 525.0, 0.0, 319.5, 239.5, 1.0 ],
				"width" : 640
			},
			"version_major" : 1,
			"version_minor" : 0
		},
		{
			"class_name" : "PinholeCameraParameters",
			"extrinsic" : 
			[
				0.83762925298970403,
				0.1807162693317301,
				-0.51546569406088683,
				-0.0,
				0.13676965039226693,
				0.84421605713166625,
				0.5182303124076344,
				0.0,
				0.52881446707265223,
				-0.50459205500949533,
				0.68243325170153712,
				0.0,
				-1.2958815838508198,
				-0.91535366530235229,
				0.29388821962225575,
				1.0
			],
			"intrinsic" : 
			{
				"height" : 480,
				"intrinsic_matrix" : [ 525.0, 0.0, 0.0, 0.0, 525.0, 0.0, 319.5, 239.5, 1.0 ],
				"width" : 640
			},
			"version_major" : 1,
			"version_minor" : 0
		},
		{
			"class_name" : "PinholeCameraParameters",
			"extrinsic" : 
			[
				0.76911654955745978,
				0.33264236374915812,
				-0.54570517122147333,
				0.0,
				-0.0056714149970266917,
				0.85737181598137757,
				0.51463969796858766,
				0.0,
				0.63905979770936827,
				-0.39272887473445339,
				0.66131482219065807,
				0.0,
				-1.1339722063304059,
				-1.2055257902729573,
				0.31668757783258172,
				1.0
			],
			"intrinsic" : 
			{
				"height" : 480,
				"intrinsic_matrix" : [ 525.0, 0.0, 0.0, 0.0, 525.0, 0.0, 319.5, 239.5, 1.0 ],
				"width" : 640
			},
			"version_major" : 1,
			"version_minor" : 0
		},
		{
			"class_name" : "PinholeCameraParameters",
			"extrinsic" : 
			[
				0.83145284869193492,
				0.34442861291257726,
				-0.43592940940460412,
				0.0,
				-0.27390381030337041,
				0.93677177804706424,
				0.21773247689139774,
				0.0,
				0.48335641115304401,
				-0.061635439634776461,
				0.87323555223475158,
				0.0,
				-0.95505969380955735,
				-1.4966495543711125,
				0.28350882125510024,
				1.0
			],
			"intrinsic" : 
			{
				"height" : 480,
				"intrinsic_matrix" : [ 525.0, 0.0, 0.0, 0.0, 525.0, 0.0, 319.5, 239.5, 1.0 ],
				"width" : 640
			},
			"version_major" : 1,
			"version_minor" : 0
		},
		{
			"class_name" : "PinholeCameraParameters",
			"extrinsic" : 
			[
				0.77787694373221161,
				0.59320270477266923,
				-0.20734085611164846,
				-0.0,
				-0.61940485252218347,
				0.77941838745785197,
				-0.093894352890343105,
				-0.0,
				0.10589942033276929,
				0.20146435943051769,
				0.97374333373168376,
				-0.0,
				-0.36827588947405376,
				-1.7361836182119097,
				0.29337695045166357,
				1.0
			],
			"intrinsic" : 
			{
				"height" : 480,
				"intrinsic_matrix" : [ 525.0, 0.0, 0.0, 0.0, 525.0, 0.0, 319.5, 239.5, 1.0 ],
				"width" : 640
			},
			"version_major" : 1,
			"version_minor" : 0
		},
		{
			"class_name" : "PinholeCameraParameters",
			"extrinsic" : 
			[
				0.71931237834795803,
				0.69208887794479124,
				-0.05977406125588676,
				0.0,
				-0.68914745171566572,
				0.70013134292386969,
				-0.18671322437795498,
				-0.0,
				-0.087382198297656352,
				0.17549760295228259,
				0.98058560324356203,
				0.0,
				-0.052642062469735608,
				-1.7248357974556623,
				0.26196179929320246,
				1.0
			],
			"intrinsic" : 
			{
				"height" : 480,
				"intrinsic_matrix" : [ 525.0, 0.0, 0.0, 0.0, 525.0, 0.0, 319.5, 239.5, 1.0 ],
				"width" : 640
			},
			"version_major" : 1,
			"version_minor" : 0
		},
		{
			"class_name" : "PinholeCameraParameters",
			"extrinsic" : 
			[
				0.56369615799646988,
				0.8243144682244371,
				-0.052141624461602323,
				0.0,
				-0.81680459391748317,
				0.54696431497702525,
				-0.18337213227884025,
				-0.0,
				-0.12264715946305935,
				0.14595493802827264,
				0.98165004095544395,
				0.0,
				0.44061230077501862,
				-1.4326132251517476,
				0.3262080106117845,
				1.0
			],
			"intrinsic" : 
			{
				"height" : 480,
				"intrinsic_matrix" : [ 525.0, 0.0, 0.0, 0.0, 525.0, 0.0, 319.5, 239.5, 1.0 ],
				"width" : 640
			},
			"version_major" : 1,
			"version_minor" : 0
		},
		{
			"class_name" : "PinholeCameraParameters",
			"extrinsic" : 
			[
				0.39031180971335705,
				0.86633796538697871,
				0.31157092584331864,
				0.0,
				-0.83485605811722008,
				0.47571600904561007,
				-0.27690310789460831,
				0.0,
				-0.38812242751154213,
				-0.15204089506685978,
				0.90897183183920471,
				0.0,
				0.78616501236749559,
				-1.0655414254082582,
				0.20389556251640306,
				1.0
			],
			"intrinsic" : 
			{
				"height" : 480,
				"intrinsic_matrix" : [ 525.0, 0.0, 0.0, 0.0, 525.0, 0.0, 319.5, 239.5, 1.0 ],
				"width" : 640
			},
			"version_major" : 1,
			"version_minor" : 0
		},
		{
			"class_name" : "PinholeCameraParameters",
			"extrinsic" : 
			[
				0.17810292242034453,
				0.8156464592705549,
				0.55042259679445493,
				0.0,
				-0.79557665988788817,
				0.44853536344856892,
				-0.40723106785889623,
				0.0,
				-0.5790505573162259,
				-0.36537928640125977,
				0.72882028145066069,
				0.0,
				1.032680926554612,
				-0.73583312724397565,
				0.23301333634327448,
				1.0
			],
			"intrinsic" : 
			{
				"height" : 480,
				"intrinsic_matrix" : [ 525.0, 0.0, 0.0, 0.0, 525.0, 0.0, 319.5, 239.5, 1.0 ],
				"width" : 640
			},
			"version_major" : 1,
			"version_minor" : 0
		},
		{
			"class_name" : "PinholeCameraParameters",
			"extrinsic" : 
			[
				0.14828001119082357,
				0.69460860971177407,
				0.70391799369451136,
				0.0,
				-0.83943930879681938,
				0.46469439634990617,
				-0.28171797075921767,
				0.0,
				-0.52279836535654267,
				-0.54912946028008758,
				0.65200907732416835,
				0.0,
				1.0658928632892914,
				-0.80183972891524913,
				0.048530907176167884,
				1.0
			],
			"intrinsic" : 
			{
				"height" : 480,
				"intrinsic_matrix" : [ 525.0, 0.0, 0.0, 0.0, 525.0, 0.0, 319.5, 239.5, 1.0 ],
				"width" : 640
			},
			"version_major" : 1,
			"version_minor" : 0
		}
	],
	"version_major" : 1,
	"version_minor" : 0
}