0	0	1
   0.999927   0.0120774  0.00108134    0.737753
 -0.0120802    0.999924  0.00258248    0.741936
-0.00105007 -0.00259535    0.999997   -0.323651
          0          -0          -0           1
1	1	2
  0.984925  0.0275681    0.17078   0.496713
 -0.029509   0.999526 0.00883665   0.686971
 -0.170455  -0.013743    0.98527  -0.378047
         0         -0         -0          1
2	2	3
  0.982682 -0.0153239   0.184669   0.445162
 0.0217631   0.999223 -0.0328926   0.625207
 -0.184021  0.0363419   0.982252  -0.359023
        -0         -0         -0          1
3	3	4
 0.911536  -0.13528  0.388336  0.231427
 0.142383  0.989757  0.010574    0.5565
-0.385788 0.0456539  0.921459 -0.243189
       -0        -0        -0         1
4	4	5
  0.765484  -0.208538   0.608732 -0.0197712
  0.248561   0.968429  0.0191963   0.487958
 -0.593514   0.136612   0.793148  -0.100109
        -0         -0         -0          1
5	5	6
   0.77001 -0.0792711   0.633095 -0.0581291
  0.157963   0.985049 -0.0687828   0.411917
 -0.618175   0.152968   0.771015 -0.0449623
        -0         -0         -0          1
6	6	7
  0.834712  -0.206312   0.510591  0.0881921
   0.16669   0.978335   0.122808   0.446087
 -0.524864 -0.0173988   0.851013 -0.0099763
         0         -0         -0          1
7	7	8
  0.797047   -0.23306   0.557145    0.20988
  0.160604   0.971118   0.176472   0.423691
  -0.58218 -0.0511758   0.811453  0.0721401
         0         -0         -0          1
8	8	9
  0.775189  -0.438645   0.454625   0.114385
  0.257199   0.876438    0.40708    0.64143
 -0.577012  -0.198633   0.792219 -0.0386433
         0         -0         -0          1
9	9	10
 0.902413 -0.344455  0.258874  0.228924
 0.206537   0.87306   0.44172  0.837317
-0.378163 -0.345143  0.858998 -0.172894
        0        -0        -0         1
10	10	11
 0.942231 -0.240705  0.232975  0.369618
 0.145661  0.920681  0.362131  0.725144
-0.301659 -0.307272  0.902548 -0.288314
        0        -0        -0         1
11	11	12
  0.996514 -0.0731539 -0.0402986   0.797674
 0.0824014   0.939826   0.331586   0.697214
 0.0136199  -0.333747   0.942569  -0.298208
        -0         -0         -0          1
12	12	13
   0.987536   0.0286346   -0.154822    0.988772
 -0.0274008    0.999578   0.0101093    0.534129
   0.155049 -0.00574002    0.987897   -0.326515
         -0          -0          -0           1
13	13	14
    0.99272  -0.0158023   -0.119486     1.04394
  0.0160971    0.999875  0.00151528    0.528668
   0.119449 -0.00342659    0.992841   -0.339829
         -0          -0          -0           1
14	14	15
  0.918134  0.0467414  -0.393524     1.3354
-0.0655555   0.997259 -0.0344919   0.457914
  0.390834  0.0574657   0.918675  -0.235918
        -0          0         -0          1
15	15	16
   0.944676  0.00608795   -0.327978       1.334
 -0.0047265    0.999982  0.00495338    0.514232
   0.328005 -0.00312852    0.944681   -0.317113
         -0          -0          -0           1
16	16	17
 0.866727 0.0991218 -0.488853   1.47461
 0.103799  0.922767  0.371138  0.686659
 0.487885 -0.372414  0.789491 -0.142403
       -0        -0        -0         1
17	17	18
 0.852923  0.146774 -0.500995   1.34131
0.0227848  0.948293  0.316607  0.581823
 0.521559 -0.281453  0.805469 -0.138865
       -0        -0        -0         1
18	18	19
 0.737347  0.391586 -0.550448   1.25748
 -0.12705  0.880702  0.456336  0.439831
 0.663475 -0.266541  0.699126 0.0280481
       -0        -0        -0         1
19	19	20
   0.7587  0.406414 -0.509135    1.3263
-0.0898154  0.839341  0.536154   0.34106
 0.645236 -0.361047  0.673302  0.175424
       -0        -0        -0         1
20	20	21
 0.673491  0.463372 -0.575944   1.41366
-0.0962677  0.827496  0.553178  0.325066
 0.732916 -0.317112  0.601912  0.272313
       -0        -0        -0         1
21	21	22
 0.570682  0.515535 -0.639185   1.49805
-0.111991  0.819978  0.561355  0.290943
 0.813512 -0.248768  0.525678  0.407649
       -0        -0        -0         1
22	22	23
 0.487882  0.579338 -0.652955   1.48096
-0.123084  0.786213  0.605596  0.279782
 0.864201 -0.215087  0.454884  0.444719
       -0        -0        -0         1
23	23	24
 0.742268  0.226459 -0.630688   1.55947
 0.124602  0.878127   0.46195  0.672411
 0.658437  -0.42147  0.623581  0.199459
       -0        -0        -0         1
24	24	25
 0.837646  0.180718 -0.515465    1.4024
 0.136778  0.844242  0.518245  0.797722
 0.528836 -0.504603  0.682448 0.0228552
       -0        -0        -0         1
25	25	26
 0.769134  0.332648 -0.545704   1.44601
-0.00566735  0.857397  0.514651  0.864204
 0.639086 -0.392737  0.661329 0.0418165
       -0        -0        -0         1
26	26	27
  0.831474   0.344438  -0.435929     1.4332
 -0.273909   0.936799   0.217737    1.07873
  0.483378 -0.0616339   0.873255   0.121835
        -0         -0         -0          1
27	27	28
    0.7779   0.593221  -0.207336    1.37725
 -0.619423    0.77944 -0.0938983    1.15268
  0.105911   0.201474   0.973762   0.103121
        -0          0         -0          1
28	28	29
 0.719334   0.69211 -0.059767    1.2473
-0.689169  0.700151 -0.186721   1.22028
-0.0873758  0.175505  0.980602 0.0412374
       -0        -0        -0         1
29	29	30
  0.563716   0.824342 -0.0521353    0.94959
 -0.816834   0.546981  -0.183382    1.20334
 -0.122642   0.145962   0.981668 -0.0570833
        -0         -0         -0          1
30	30	31
  0.390329   0.866371   0.311582   0.552761
 -0.834885   0.475731  -0.276914    1.21973
 -0.388128  -0.152045   0.908985 -0.0422156
         0         -0         -0          1
31	31	32
 0.178116  0.815677  0.550437  0.288006
-0.795609  0.448548 -0.407244   1.24656
-0.579067 -0.365391  0.728828  0.159298
        0        -0        -0         1
32	32	33
 0.148292  0.694635  0.703934   0.36476
-0.839471  0.464708 -0.281728   1.28108
-0.522814 -0.549148  0.652016 0.0852921
        0        -0        -0         1
